1000,27.799,35.183,21.527,35.136,59.592,51.313,43.054,51.184,70.225,93.748,64.581,70.204,85.041,105.27,90.63,86.108,90.338,102.24,119.54,111.35,107.63,110.98,120.8,135.7,141.04,132.34,129.16,131.89,140.19,153.16,169.73,188.95,210.1,172.93,161.12,153.49,150.69,152.97,160.11,171.52,186.4,204,223.69,244.95,206.01,192.17,181.55,174.75,172.21,174.14,180.38,190.51,203.95,220.1,238.4,258.41,224.57,211.87,202.22,196.06,193.74,195.38,200.89,209.97,222.17,237.02,254.05,257.83,243.64,231.92,223.07,217.43,215.26,216.67,221.58,229.77,240.91,254.61,276.37,263.11,252.23,244.05,238.83,236.79,238,242.4,249.84,260.05,309.77,295.34,282.91,272.75,265.13,260.26,258.31,259.35,263.32,270.12,279.52,343.66,328.31,314.66,302.96,293.42,286.28,281.71,279.84,280.72,284.32,290.55,299.25,377.93,361.83,347.22,334.28,323.22,314.23,307.5,303.17,301.36,302.1,305.38,311.12,319.18,395.78,380.38,366.44,354.14,343.65,335.14,328.76,324.65,322.88,323.5,326.5,331.79,339.29,348.85,414.02,399.26,385.94,374.21,364.23,350.07,346.14,344.41,344.91,347.65,352.55,359.55,368.51
27.799,1000,59.62,35.136,21.45,35.089,70.319,51.184,42.9,51.055,70.13,70.204,64.35,69.992,84.866,102.5,90.338,85.8,90.044,101.98,121.15,110.98,107.25,110.61,120.46,153.94,140.62,131.89,128.7,131.44,139.77,152.77,169.38,188.63,187.7,172.46,160.62,152.97,150.15,152.43,159.6,171.04,185.96,203.6,223.32,222.01,205.5,191.62,180.96,174.14,171.6,173.53,179.79,189.95,203.43,219.62,237.96,239.27,223.97,211.24,201.56,195.38,193.05,194.69,200.22,209.33,221.57,236.45,273.51,257.19,242.96,231.21,222.33,216.67,214.5,215.91,220.83,229.05,240.22,290.99,275.65,262.35,251.44,243.23,238,235.94,237.15,241.57,249.04,325.21,309.01,294.53,282.07,271.87,264.23,259.35,257.39,258.43,262.42,269.23,359.74,342.86,327.46,313.78,302.04,292.47,285.3,280.72,278.84,279.72,283.34,289.59,394.51,377.08,360.94,346.29,333.31,322.22,313.2,306.44,302.1,300.28,301.03,304.32,310.08,411.59,394.85,379.41,365.43,353.09,342.57,334.03,327.63,323.5,321.73,322.35,325.35,330.67,338.19,429.09,413,398.2,384.84,373.08,354.95,348.86,344.91,343.17,343.68,346.42,351.35,358.37
35.183,59.62,1000,27.799,55.597,83.396,21.604,35.183,59.62,86.12,113.24,51.313,70.319,93.818,119.18,64.811,70.416,85.216,105.41,128.47,86.414,90.63,102.5,119.76,140.45,111.72,108.02,111.35,121.15,136.01,154.49,175.44,198.08,221.9,141.46,132.79,129.62,132.34,140.62,153.55,170.08,189.27,210.38,232.91,256.47,173.39,161.62,154.02,151.22,153.49,160.62,171.99,186.83,204.4,224.05,245.28,267.71,192.71,182.13,175.35,172.83,174.75,180.96,191.06,204.47,220.58,238.85,258.82,225.16,212.5,202.88,196.74,194.43,196.06,201.56,210.6,222.77,237.59,254.58,244.31,232.63,223.81,218.19,216.03,217.43,222.33,230.49,241.6,255.26,277.09,263.87,253.02,244.86,239.67,237.63,238.83,243.23,250.64,260.82,273.46,310.53,296.14,283.74,273.61,266.02,261.17,259.23,260.26,264.23,271,280.37,292.1,344.47,329.15,315.54,303.87,294.37,287.25,282.7,280.83,281.71,285.3,291.52,300.18,311.1,362.72,348.14,335.24,324.21,315.25,308.55,304.24,302.43,303.17,306.44,312.16,320.2,330.38,342.53,381.35,367.45,355.18,344.72,336.24,325.79,324.03,324.65,327.63,332.92,340.39,349.92,361.34
21.527,35.136,27.799,1000,27.799,55.597,35.183,21.527,35.136,59.592,86.101,43.054,51.184,70.225,93.748,70.416,64.581,70.204,85.041,105.27,90.63,86.108,90.338,102.24,119.54,121.49,111.35,107.63,110.98,120.8,135.7,154.22,175.2,197.88,154.32,141.04,132.34,129.16,131.89,140.19,153.16,169.73,188.95,210.1,232.65,188.13,172.93,161.12,153.49,150.69,152.97,160.11,171.52,186.4,204,223.69,244.95,206.01,192.17,181.55,174.75,172.21,174.14,180.38,190.51,203.95,220.1,238.4,239.83,224.57,211.87,202.22,196.06,193.74,195.38,200.89,209.97,222.17,237.02,257.83,243.64,231.92,223.07,217.43,215.26,216.67,221.58,229.77,240.91,291.68,276.37,263.11,252.23,244.05,238.83,236.79,238,242.4,249.84,260.05,325.94,309.77,295.34,282.91,272.75,265.13,260.26,258.31,259.35,263.32,270.12,279.52,360.51,343.66,328.31,314.66,302.96,293.42,286.28,281.71,279.84,280.72,284.32,290.55,299.25,377.93,361.83,347.22,334.28,323.22,314.23,307.5,303.17,301.36,302.1,305.38,311.12,319.18,329.4,395.78,380.38,366.44,354.14,343.65,328.76,324.65,322.88,323.5,326.5,331.79,339.29,348.85
35.136,21.45,55.597,27.799,1000,27.799,59.62,35.136,21.45,35.089,59.564,51.184,42.9,51.055,70.13,85.216,70.204,64.35,69.992,84.866,102.5,90.338,85.8,90.044,101.98,136.31,121.15,110.98,107.25,110.61,120.46,135.4,153.95,174.97,170.78,153.94,140.62,131.89,128.7,131.44,139.77,152.77,169.38,188.63,209.81,205.59,187.7,172.46,160.62,152.97,150.15,152.43,159.6,171.04,185.96,203.6,223.32,222.01,205.5,191.62,180.96,174.14,171.6,173.53,179.79,189.95,203.43,219.62,256.68,239.27,223.97,211.24,201.56,195.38,193.05,194.69,200.22,209.33,221.57,273.51,257.19,242.96,231.21,222.33,216.67,214.5,215.91,220.83,229.05,308.09,290.99,275.65,262.35,251.44,243.23,238,235.94,237.15,241.57,249.04,342.91,325.21,309.01,294.53,282.07,271.87,264.23,259.35,257.39,258.43,262.42,269.23,377.92,359.74,342.86,327.46,313.78,302.04,292.47,285.3,280.72,278.84,279.72,283.34,289.59,394.51,377.08,360.94,346.29,333.31,322.22,313.2,306.44,302.1,300.28,301.03,304.32,310.08,318.16,411.59,394.85,379.41,365.43,353.09,334.03,327.63,323.5,321.73,322.35,325.35,330.67,338.19
59.592,35.089,83.396,55.597,27.799,1000,86.12,59.592,35.089,21.373,35.042,70.225,51.055,42.746,50.925,105.41,85.041,69.992,64.118,69.778,119.76,102.24,90.044,85.491,89.749,154.75,136.01,120.8,110.61,106.86,110.23,120.12,135.09,153.68,189.89,170.43,153.55,140.19,131.44,128.24,130.99,139.34,152.38,169.02,188.32,225.13,205.19,187.27,171.99,160.11,152.43,149.61,151.9,159.09,170.56,185.53,203.2,240.17,221.54,204.99,191.06,180.38,173.53,170.98,172.92,179.2,189.39,202.91,275.31,256.16,238.71,223.38,210.6,200.89,194.69,192.35,194,199.55,208.68,291.01,272.91,256.55,242.28,230.49,221.58,215.91,213.72,215.14,220.08,326.05,307.44,290.31,274.92,261.59,250.64,242.4,237.15,235.09,236.31,240.74,361.22,342.22,324.48,308.24,293.73,281.22,271,263.32,258.43,256.46,257.5,261.5,396.51,377.18,358.97,342.04,326.61,312.89,301.11,291.52,284.32,279.72,277.83,278.72,282.35,412.3,393.69,376.22,360.05,345.35,332.34,321.21,312.16,305.38,301.03,299.2,299.95,303.25,309.02,428.61,410.69,393.91,378.43,364.42,341.48,332.92,326.5,322.35,320.57,321.19,324.2,329.54
51.313,70.319,21.604,35.183,59.62,86.12,1000,27.799,55.597,83.396,111.19,35.183,59.62,86.12,113.24,43.207,51.313,70.319,93.818,119.18,64.811,70.416,85.216,105.41,128.47,90.921,86.414,90.63,102.5,119.76,140.45,163.26,187.42,212.48,121.82,111.72,108.02,111.35,121.15,136.01,154.49,175.44,198.08,221.9,246.56,154.7,141.46,132.79,129.62,132.34,140.62,153.55,170.08,189.27,210.38,232.91,256.47,173.39,161.62,154.02,151.22,153.49,160.62,171.99,186.83,204.4,224.05,245.28,206.52,192.71,182.13,175.35,172.83,174.75,180.96,191.06,204.47,220.58,238.85,225.16,212.5,202.88,196.74,194.43,196.06,201.56,210.6,222.77,237.59,258.47,244.31,232.63,223.81,218.19,216.03,217.43,222.33,230.49,241.6,255.26,292.36,277.09,263.87,253.02,244.86,239.67,237.63,238.83,243.23,250.64,260.82,273.46,326.66,310.53,296.14,283.74,273.61,266.02,261.17,259.23,260.26,264.23,271,280.37,292.1,344.47,329.15,315.54,303.87,294.37,287.25,282.7,280.83,281.71,285.3,291.52,300.18,311.1,324.03,362.72,348.14,335.24,324.21,315.25,304.24,302.43,303.17,306.44,312.16,320.2,330.38,342.53
43.054,51.184,35.183,21.527,35.136,59.592,27.799,1000,27.799,55.597,83.396,21.527,35.136,59.592,86.101,51.313,43.054,51.184,70.225,93.748,70.416,64.581,70.204,85.041,105.27,102.75,90.63,86.108,90.338,102.24,119.54,140.26,163.1,187.28,136.61,121.49,111.35,107.63,110.98,120.8,135.7,154.22,175.2,197.88,221.72,171.12,154.32,141.04,132.34,129.16,131.89,140.19,153.16,169.73,188.95,210.1,232.65,188.13,172.93,161.12,153.49,150.69,152.97,160.11,171.52,186.4,204,223.69,222.49,206.01,192.17,181.55,174.75,172.21,174.14,180.38,190.51,203.95,220.1,239.83,224.57,211.87,202.22,196.06,193.74,195.38,200.89,209.97,222.17,274.12,257.83,243.64,231.92,223.07,217.43,215.26,216.67,221.58,229.77,240.91,308.73,291.68,276.37,263.11,252.23,244.05,238.83,236.79,238,242.4,249.84,260.05,343.6,325.94,309.77,295.34,282.91,272.75,265.13,260.26,258.31,259.35,263.32,270.12,279.52,360.51,343.66,328.31,314.66,302.96,293.42,286.28,281.71,279.84,280.72,284.32,290.55,299.25,310.19,377.93,361.83,347.22,334.28,323.22,307.5,303.17,301.36,302.1,305.38,311.12,319.18,329.4
51.184,42.9,59.62,35.136,21.45,35.089,55.597,27.799,1000,27.799,55.597,35.136,21.45,35.089,59.564,70.319,51.184,42.9,51.055,70.13,85.216,70.204,64.35,69.992,84.866,119.98,102.5,90.338,85.8,90.044,101.98,119.32,140.07,162.93,155.02,136.31,121.15,110.98,107.25,110.61,120.46,135.4,153.95,174.97,197.67,190.21,170.78,153.94,140.62,131.89,128.7,131.44,139.77,152.77,169.38,188.63,209.81,205.59,187.7,172.46,160.62,152.97,150.15,152.43,159.6,171.04,185.96,203.6,240.61,222.01,205.5,191.62,180.96,174.14,171.6,173.53,179.79,189.95,203.43,256.68,239.27,223.97,211.24,201.56,195.38,193.05,194.69,200.22,209.33,291.58,273.51,257.19,242.96,231.21,222.33,216.67,214.5,215.91,220.83,229.05,326.66,308.09,290.99,275.65,262.35,251.44,243.23,238,235.94,237.15,241.57,249.04,361.88,342.91,325.21,309.01,294.53,282.07,271.87,264.23,259.35,257.39,258.43,262.42,269.23,377.92,359.74,342.86,327.46,313.78,302.04,292.47,285.3,280.72,278.84,279.72,283.34,289.59,298.31,394.51,377.08,360.94,346.29,333.31,313.2,306.44,302.1,300.28,301.03,304.32,310.08,318.16
70.225,51.055,86.12,59.592,35.089,21.373,83.396,55.597,27.799,1000,27.799,59.592,35.089,21.373,35.042,93.818,70.225,51.055,42.746,50.925,105.41,85.041,69.992,64.118,69.778,140.64,119.76,102.24,90.044,85.491,89.749,101.72,119.1,139.88,175.91,154.75,136.01,120.8,110.61,106.86,110.23,120.12,135.09,153.68,174.73,211.23,189.89,170.43,153.55,140.19,131.44,128.24,130.99,139.34,152.38,169.02,188.32,225.13,205.19,187.27,171.99,160.11,152.43,149.61,151.9,159.09,170.56,185.53,260.45,240.17,221.54,204.99,191.06,180.38,173.53,170.98,172.92,179.2,189.39,275.31,256.16,238.71,223.38,210.6,200.89,194.69,192.35,194,199.55,310.55,291.01,272.91,256.55,242.28,230.49,221.58,215.91,213.72,215.14,220.08,345.89,326.05,307.44,290.31,274.92,261.59,250.64,242.4,237.15,235.09,236.31,240.74,381.31,361.22,342.22,324.48,308.24,293.73,281.22,271,263.32,258.43,256.46,257.5,261.5,396.51,377.18,358.97,342.04,326.61,312.89,301.11,291.52,284.32,279.72,277.83,278.72,282.35,288.62,412.3,393.69,376.22,360.05,345.35,321.21,312.16,305.38,301.03,299.2,299.95,303.25,309.02
93.748,70.13,113.24,86.101,59.564,35.042,111.19,83.396,55.597,27.799,1000,86.101,59.564,35.042,21.295,119.18,93.748,70.13,50.925,42.59,128.47,105.27,84.866,69.778,63.885,163.42,140.45,119.54,101.98,89.749,85.18,89.453,101.46,118.87,198.5,175.68,154.49,135.7,120.46,110.23,106.47,109.85,119.77,134.78,153.41,233.67,210.95,189.58,170.08,153.16,139.77,130.99,127.77,130.53,138.91,151.99,168.67,246.27,224.77,204.8,186.83,171.52,159.6,151.9,149.06,151.36,158.58,170.09,281.63,260.04,239.73,221.06,204.47,190.51,179.79,172.92,170.36,172.3,178.6,295.38,274.82,255.63,238.15,222.77,209.97,200.22,194,191.65,193.31,330.77,310.02,290.45,272.31,255.9,241.6,229.77,220.83,215.14,212.94,214.36,366.22,345.31,325.44,306.79,289.62,274.19,260.82,249.84,241.57,236.31,234.24,235.45,401.72,380.69,360.57,341.52,323.75,307.46,292.92,280.37,270.12,262.42,257.5,255.53,256.57,416.13,395.81,376.44,358.19,341.23,325.75,311.99,300.18,290.55,283.34,278.72,276.82,277.71,281.35,431.15,411.52,392.87,375.36,359.15,331.37,320.2,311.12,304.32,299.95,298.11,298.86,302.17
64.581,70.204,51.313,43.054,51.184,70.225,35.183,21.527,35.136,59.592,86.101,1000,27.799,55.597,83.396,35.183,21.527,35.136,59.592,86.101,51.313,43.054,51.184,70.225,93.748,85.39,70.416,64.581,70.204,85.041,105.27,128.36,153.02,178.61,120.2,102.75,90.63,86.108,90.338,102.24,119.54,140.26,163.1,187.28,212.35,155.29,136.61,121.49,111.35,107.63,110.98,120.8,135.7,154.22,175.2,197.88,221.72,171.12,154.32,141.04,132.34,129.16,131.89,140.19,153.16,169.73,188.95,210.1,205.98,188.13,172.93,161.12,153.49,150.69,152.97,160.11,171.52,186.4,204,222.49,206.01,192.17,181.55,174.75,172.21,174.14,180.38,190.51,203.95,257.19,239.83,224.57,211.87,202.22,196.06,193.74,195.38,200.89,209.97,222.17,292.14,274.12,257.83,243.64,231.92,223.07,217.43,215.26,216.67,221.58,229.77,240.91,327.27,308.73,291.68,276.37,263.11,252.23,244.05,238.83,236.79,238,242.4,249.84,260.05,343.6,325.94,309.77,295.34,282.91,272.75,265.13,260.26,258.31,259.35,263.32,270.12,279.52,291.28,360.51,343.66,328.31,314.66,302.96,286.28,281.71,279.84,280.72,284.32,290.55,299.25,310.19
70.204,64.35,70.319,51.184,42.9,51.055,59.62,35.136,21.45,35.089,59.564,27.799,1000,27.799,55.597,59.62,35.136,21.45,35.089,59.564,70.319,51.184,42.9,51.055,70.13,105.55,85.216,70.204,64.35,69.992,84.866,105.12,128.24,152.92,140.82,119.98,102.5,90.338,85.8,90.044,101.98,119.32,140.07,162.93,187.14,176.14,155.02,136.31,121.15,110.98,107.25,110.61,120.46,135.4,153.95,174.97,197.67,190.21,170.78,153.94,140.62,131.89,128.7,131.44,139.77,152.77,169.38,188.63,225.49,205.59,187.7,172.46,160.62,152.97,150.15,152.43,159.6,171.04,185.96,240.61,222.01,205.5,191.62,180.96,174.14,171.6,173.53,179.79,189.95,275.79,256.68,239.27,223.97,211.24,201.56,195.38,193.05,194.69,200.22,209.33,311.08,291.58,273.51,257.19,242.96,231.21,222.33,216.67,214.5,215.91,220.83,229.05,346.46,326.66,308.09,290.99,275.65,262.35,251.44,243.23,238,235.94,237.15,241.57,249.04,361.88,342.91,325.21,309.01,294.53,282.07,271.87,264.23,259.35,257.39,258.43,262.42,269.23,278.66,377.92,359.74,342.86,327.46,313.78,292.47,285.3,280.72,278.84,279.72,283.34,289.59,298.31
85.041,69.992,93.818,70.225,51.055,42.746,86.12,59.592,35.089,21.373,35.042,55.597,27.799,1000,27.799,86.12,59.592,35.089,21.373,35.042,93.818,70.225,51.055,42.746,50.925,128.59,105.41,85.041,69.992,64.118,69.778,84.689,104.98,128.12,163.58,140.64,119.76,102.24,90.044,85.491,89.749,101.72,119.1,139.88,162.77,198.71,175.91,154.75,136.01,120.8,110.61,106.86,110.23,120.12,135.09,153.68,174.73,211.23,189.89,170.43,153.55,140.19,131.44,128.24,130.99,139.34,152.38,169.02,246.6,225.13,205.19,187.27,171.99,160.11,152.43,149.61,151.9,159.09,170.56,260.45,240.17,221.54,204.99,191.06,180.38,173.53,170.98,172.92,179.2,295.83,275.31,256.16,238.71,223.38,210.6,200.89,194.69,192.35,194,199.55,331.27,310.55,291.01,272.91,256.55,242.28,230.49,221.58,215.91,213.72,215.14,220.08,366.76,345.89,326.05,307.44,290.31,274.92,261.59,250.64,242.4,237.15,235.09,236.31,240.74,381.31,361.22,342.22,324.48,308.24,293.73,281.22,271,263.32,258.43,256.46,257.5,261.5,268.34,396.51,377.18,358.97,342.04,326.61,301.11,291.52,284.32,279.72,277.83,278.72,282.35,288.62
105.27,84.866,119.18,93.748,70.13,50.925,113.24,86.101,59.564,35.042,21.295,83.396,55.597,27.799,1000,113.24,86.101,59.564,35.042,21.295,119.18,93.748,70.13,50.925,42.59,153.21,128.47,105.27,84.866,69.778,63.885,69.564,84.513,104.84,187.7,163.42,140.45,119.54,101.98,89.749,85.18,89.453,101.46,118.87,139.69,222.46,198.5,175.68,154.49,135.7,120.46,110.23,106.47,109.85,119.77,134.78,153.41,233.67,210.95,189.58,170.08,153.16,139.77,130.99,127.77,130.53,138.91,151.99,268.92,246.27,224.77,204.8,186.83,171.52,159.6,151.9,149.06,151.36,158.58,281.63,260.04,239.73,221.06,204.47,190.51,179.79,172.92,170.36,172.3,317.04,295.38,274.82,255.63,238.15,222.77,209.97,200.22,194,191.65,193.31,352.5,330.77,310.02,290.45,272.31,255.9,241.6,229.77,220.83,215.14,212.94,214.36,387.99,366.22,345.31,325.44,306.79,289.62,274.19,260.82,249.84,241.57,236.31,234.24,235.45,401.72,380.69,360.57,341.52,323.75,307.46,292.92,280.37,270.12,262.42,257.5,255.53,256.57,260.59,416.13,395.81,376.44,358.19,341.23,311.99,300.18,290.55,283.34,278.72,276.82,277.71,281.35
90.63,102.5,64.811,70.416,85.216,105.41,43.207,51.313,70.319,93.818,119.18,35.183,59.62,86.12,113.24,1000,27.799,55.597,83.396,111.19,21.604,35.183,59.62,86.12,113.24,51.441,43.207,51.313,70.319,93.818,119.18,145.44,172.18,199.21,85.563,70.626,64.811,70.416,85.216,105.41,128.47,153.12,178.69,204.84,231.38,120.42,103.01,90.921,86.414,90.63,102.5,119.76,140.45,163.26,187.42,212.48,238.14,136.92,121.82,111.72,108.02,111.35,121.15,136.01,154.49,175.44,198.08,221.9,171.47,154.7,141.46,132.79,129.62,132.34,140.62,153.55,170.08,189.27,210.38,188.56,173.39,161.62,154.02,151.22,153.49,160.62,171.99,186.83,204.4,222.96,206.52,192.71,182.13,175.35,172.83,174.75,180.96,191.06,204.47,220.58,257.71,240.38,225.16,212.5,202.88,196.74,194.43,196.06,201.56,210.6,222.77,237.59,292.7,274.71,258.47,244.31,232.63,223.81,218.19,216.03,217.43,222.33,230.49,241.6,255.26,309.38,292.36,277.09,263.87,253.02,244.86,239.67,237.63,238.83,243.23,250.64,260.82,273.46,288.23,326.66,310.53,296.14,283.74,273.61,261.17,259.23,260.26,264.23,271,280.37,292.1,305.91
86.108,90.338,70.416,64.581,70.204,85.041,51.313,43.054,51.184,70.225,93.748,21.527,35.136,59.592,86.101,27.799,1000,27.799,55.597,83.396,35.183,21.527,35.136,59.592,86.101,70.412,51.313,43.054,51.184,70.225,93.748,119.13,145.39,172.14,105.69,85.39,70.416,64.581,70.204,85.041,105.27,128.36,153.02,178.61,204.77,141.01,120.2,102.75,90.63,86.108,90.338,102.24,119.54,140.26,163.1,187.28,212.35,155.29,136.61,121.49,111.35,107.63,110.98,120.8,135.7,154.22,175.2,197.88,190.52,171.12,154.32,141.04,132.34,129.16,131.89,140.19,153.16,169.73,188.95,205.98,188.13,172.93,161.12,153.49,150.69,152.97,160.11,171.52,186.4,241.05,222.49,206.01,192.17,181.55,174.75,172.21,174.14,180.38,190.51,203.95,276.27,257.19,239.83,224.57,211.87,202.22,196.06,193.74,195.38,200.89,209.97,222.17,311.61,292.14,274.12,257.83,243.64,231.92,223.07,217.43,215.26,216.67,221.58,229.77,240.91,327.27,308.73,291.68,276.37,263.11,252.23,244.05,238.83,236.79,238,242.4,249.84,260.05,272.73,343.6,325.94,309.77,295.34,282.91,265.13,260.26,258.31,259.35,263.32,270.12,279.52,291.28
90.338,85.8,85.216,70.204,64.35,69.992,70.319,51.184,42.9,51.055,70.13,35.136,21.45,35.089,59.564,55.597,27.799,1000,27.799,55.597,59.62,35.136,21.45,35.089,59.564,93.889,70.319,51.184,42.9,51.055,70.13,93.677,119.07,145.35,128.7,105.55,85.216,70.204,64.35,69.992,84.866,105.12,128.24,152.92,178.52,163.74,140.82,119.98,102.5,90.338,85.8,90.044,101.98,119.32,140.07,162.93,187.14,176.14,155.02,136.31,121.15,110.98,107.25,110.61,120.46,135.4,153.95,174.97,211.51,190.21,170.78,153.94,140.62,131.89,128.7,131.44,139.77,152.77,169.38,225.49,205.59,187.7,172.46,160.62,152.97,150.15,152.43,159.6,171.04,260.85,240.61,222.01,205.5,191.62,180.96,174.14,171.6,173.53,179.79,189.95,296.28,275.79,256.68,239.27,223.97,211.24,201.56,195.38,193.05,194.69,200.22,209.33,331.77,311.08,291.58,273.51,257.19,242.96,231.21,222.33,216.67,214.5,215.91,220.83,229.05,346.46,326.66,308.09,290.99,275.65,262.35,251.44,243.23,238,235.94,237.15,241.57,249.04,259.28,361.88,342.91,325.21,309.01,294.53,271.87,264.23,259.35,257.39,258.43,262.42,269.23,278.66
102.24,90.044,105.41,85.041,69.992,64.118,93.818,70.225,51.055,42.746,50.925,59.592,35.089,21.373,35.042,83.396,55.597,27.799,1000,27.799,86.12,59.592,35.089,21.373,35.042,119.24,93.818,70.225,51.055,42.746,50.925,70.035,93.606,119.02,153.31,128.59,105.41,85.041,69.992,64.118,69.778,84.689,104.98,128.12,152.82,187.85,163.58,140.64,119.76,102.24,90.044,85.491,89.749,101.72,119.1,139.88,162.77,198.71,175.91,154.75,136.01,120.8,110.61,106.86,110.23,120.12,135.09,153.68,233.93,211.23,189.89,170.43,153.55,140.19,131.44,128.24,130.99,139.34,152.38,246.6,225.13,205.19,187.27,171.99,160.11,152.43,149.61,151.9,159.09,282.01,260.45,240.17,221.54,204.99,191.06,180.38,173.53,170.98,172.92,179.2,317.46,295.83,275.31,256.16,238.71,223.38,210.6,200.89,194.69,192.35,194,199.55,352.96,331.27,310.55,291.01,272.91,256.55,242.28,230.49,221.58,215.91,213.72,215.14,220.08,366.76,345.89,326.05,307.44,290.31,274.92,261.59,250.64,242.4,237.15,235.09,236.31,240.74,248.23,381.31,361.22,342.22,324.48,308.24,281.22,271,263.32,258.43,256.46,257.5,261.5,268.34
119.54,101.98,128.47,105.27,84.866,69.778,119.18,93.748,70.13,50.925,42.59,86.101,59.564,35.042,21.295,111.19,83.396,55.597,27.799,1000,113.24,86.101,59.564,35.042,21.295,145.49,119.18,93.748,70.13,50.925,42.59,50.794,69.94,93.535,178.86,153.21,128.47,105.27,84.866,69.778,63.885,69.564,84.513,104.84,128.01,212.85,187.7,163.42,140.45,119.54,101.98,89.749,85.18,89.453,101.46,118.87,139.69,222.46,198.5,175.68,154.49,135.7,120.46,110.23,106.47,109.85,119.77,134.78,257.4,233.67,210.95,189.58,170.08,153.16,139.77,130.99,127.77,130.53,138.91,268.92,246.27,224.77,204.8,186.83,171.52,159.6,151.9,149.06,151.36,304.23,281.63,260.04,239.73,221.06,204.47,190.51,179.79,172.92,170.36,172.3,339.6,317.04,295.38,274.82,255.63,238.15,222.77,209.97,200.22,194,191.65,193.31,375.02,352.5,330.77,310.02,290.45,272.31,255.9,241.6,229.77,220.83,215.14,212.94,214.36,387.99,366.22,345.31,325.44,306.79,289.62,274.19,260.82,249.84,241.57,236.31,234.24,235.45,239.91,401.72,380.69,360.57,341.52,323.75,292.92,280.37,270.12,262.42,257.5,255.53,256.57,260.59
111.35,121.15,86.414,90.63,102.5,119.76,64.811,70.416,85.216,105.41,128.47,51.313,70.319,93.818,119.18,21.604,35.183,59.62,86.12,113.24,1000,27.799,55.597,83.396,111.19,35.23,21.604,35.183,59.62,86.12,113.24,140.63,168.16,195.76,70.506,51.441,43.207,51.313,70.319,93.818,119.18,145.44,172.18,199.21,226.43,105.83,85.563,70.626,64.811,70.416,85.216,105.41,128.47,153.12,178.69,204.84,231.38,120.42,103.01,90.921,86.414,90.63,102.5,119.76,140.45,163.26,187.42,212.48,155.55,136.92,121.82,111.72,108.02,111.35,121.15,136.01,154.49,175.44,198.08,171.47,154.7,141.46,132.79,129.62,132.34,140.62,153.55,170.08,189.27,206.37,188.56,173.39,161.62,154.02,151.22,153.49,160.62,171.99,186.83,204.4,241.48,222.96,206.52,192.71,182.13,175.35,172.83,174.75,180.96,191.06,204.47,220.58,276.75,257.71,240.38,225.16,212.5,202.88,196.74,194.43,196.06,201.56,210.6,222.77,237.59,292.7,274.71,258.47,244.31,232.63,223.81,218.19,216.03,217.43,222.33,230.49,241.6,255.26,271.09,309.38,292.36,277.09,263.87,253.02,239.67,237.63,238.83,243.23,250.64,260.82,273.46,288.23
107.63,110.98,90.63,86.108,90.338,102.24,70.416,64.581,70.204,85.041,105.27,43.054,51.184,70.225,93.748,35.183,21.527,35.136,59.592,86.101,27.799,1000,27.799,55.597,83.396,59.647,35.183,21.527,35.136,59.592,86.101,113.23,140.62,168.15,93.959,70.412,51.313,43.054,51.184,70.225,93.748,119.13,145.39,172.14,199.18,128.82,105.69,85.39,70.416,64.581,70.204,85.041,105.27,128.36,153.02,178.61,204.77,141.01,120.2,102.75,90.63,86.108,90.338,102.24,119.54,140.26,163.1,187.28,176.38,155.29,136.61,121.49,111.35,107.63,110.98,120.8,135.7,154.22,175.2,190.52,171.12,154.32,141.04,132.34,129.16,131.89,140.19,153.16,169.73,225.85,205.98,188.13,172.93,161.12,153.49,150.69,152.97,160.11,171.52,186.4,261.26,241.05,222.49,206.01,192.17,181.55,174.75,172.21,174.14,180.38,190.51,203.95,296.73,276.27,257.19,239.83,224.57,211.87,202.22,196.06,193.74,195.38,200.89,209.97,222.17,311.61,292.14,274.12,257.83,243.64,231.92,223.07,217.43,215.26,216.67,221.58,229.77,240.91,254.61,327.27,308.73,291.68,276.37,263.11,244.05,238.83,236.79,238,242.4,249.84,260.05,272.73
110.98,107.25,102.5,90.338,85.8,90.044,85.216,70.204,64.35,69.992,84.866,51.184,42.9,51.055,70.13,59.62,35.136,21.45,35.089,59.564,55.597,27.799,1000,27.799,55.597,86.139,59.62,35.136,21.45,35.089,59.564,86.082,113.22,140.61,119.29,93.889,70.319,51.184,42.9,51.055,70.13,93.677,119.07,145.35,172.1,153.41,128.7,105.55,85.216,70.204,64.35,69.992,84.866,105.12,128.24,152.92,178.52,163.74,140.82,119.98,102.5,90.338,85.8,90.044,101.98,119.32,140.07,162.93,198.92,176.14,155.02,136.31,121.15,110.98,107.25,110.61,120.46,135.4,153.95,211.51,190.21,170.78,153.94,140.62,131.89,128.7,131.44,139.77,152.77,246.92,225.49,205.59,187.7,172.46,160.62,152.97,150.15,152.43,159.6,171.04,282.38,260.85,240.61,222.01,205.5,191.62,180.96,174.14,171.6,173.53,179.79,189.95,317.88,296.28,275.79,256.68,239.27,223.97,211.24,201.56,195.38,193.05,194.69,200.22,209.33,331.77,311.08,291.58,273.51,257.19,242.96,231.21,222.33,216.67,214.5,215.91,220.83,229.05,240.22,346.46,326.66,308.09,290.99,275.65,251.44,243.23,238,235.94,237.15,241.57,249.04,259.28
120.8,110.61,119.76,102.24,90.044,85.491,105.41,85.041,69.992,64.118,69.778,70.225,51.055,42.746,50.925,86.12,59.592,35.089,21.373,35.042,83.396,55.597,27.799,1000,27.799,113.26,86.12,59.592,35.089,21.373,35.042,59.536,86.062,113.2,145.53,119.24,93.818,70.225,51.055,42.746,50.925,70.035,93.606,119.02,145.3,178.94,153.31,128.59,105.41,85.041,69.992,64.118,69.778,84.689,104.98,128.12,152.82,187.85,163.58,140.64,119.76,102.24,90.044,85.491,89.749,101.72,119.1,139.88,222.65,198.71,175.91,154.75,136.01,120.8,110.61,106.86,110.23,120.12,135.09,233.93,211.23,189.89,170.43,153.55,140.19,131.44,128.24,130.99,139.34,269.22,246.6,225.13,205.19,187.27,171.99,160.11,152.43,149.61,151.9,159.09,304.58,282.01,260.45,240.17,221.54,204.99,191.06,180.38,173.53,170.98,172.92,179.2,339.99,317.46,295.83,275.31,256.16,238.71,223.38,210.6,200.89,194.69,192.35,194,199.55,352.96,331.27,310.55,291.01,272.91,256.55,242.28,230.49,221.58,215.91,213.72,215.14,220.08,228.32,366.76,345.89,326.05,307.44,290.31,261.59,250.64,242.4,237.15,235.09,236.31,240.74,248.23
135.7,120.46,140.45,119.54,101.98,89.749,128.47,105.27,84.866,69.778,63.885,93.748,70.13,50.925,42.59,113.24,86.101,59.564,35.042,21.295,111.19,83.396,55.597,27.799,1000,140.64,113.24,86.101,59.564,35.042,21.295,34.994,59.508,86.043,172.26,145.49,119.18,93.748,70.13,50.925,42.59,50.794,69.94,93.535,118.96,205.06,178.86,153.21,128.47,105.27,84.866,69.778,63.885,69.564,84.513,104.84,128.01,212.85,187.7,163.42,140.45,119.54,101.98,89.749,85.18,89.453,101.46,118.87,247.23,222.46,198.5,175.68,154.49,135.7,120.46,110.23,106.47,109.85,119.77,257.4,233.67,210.95,189.58,170.08,153.16,139.77,130.99,127.77,130.53,292.46,268.92,246.27,224.77,204.8,186.83,171.52,159.6,151.9,149.06,151.36,327.63,304.23,281.63,260.04,239.73,221.06,204.47,190.51,179.79,172.92,170.36,172.3,362.89,339.6,317.04,295.38,274.82,255.63,238.15,222.77,209.97,200.22,194,191.65,193.31,375.02,352.5,330.77,310.02,290.45,272.31,255.9,241.6,229.77,220.83,215.14,212.94,214.36,219.32,387.99,366.22,345.31,325.44,306.79,274.19,260.82,249.84,241.57,236.31,234.24,235.45,239.91
141.04,153.94,111.72,121.49,136.31,154.75,90.921,102.75,119.98,140.64,163.42,85.39,105.55,128.59,153.21,51.441,70.412,93.889,119.24,145.49,35.23,59.647,86.139,113.26,140.64,1000,27.799,55.597,83.396,111.19,138.99,166.79,194.59,222.39,35.276,21.68,35.23,59.647,86.139,113.26,140.64,168.17,195.77,223.41,251.1,70.599,51.569,43.36,51.441,70.412,93.889,119.24,145.49,172.22,199.25,226.46,253.8,85.736,70.835,65.039,70.626,85.39,105.55,128.59,153.21,178.77,204.92,231.45,120.64,103.27,91.21,86.719,90.921,102.75,119.98,140.64,163.42,187.56,212.6,137.21,122.16,112.09,108.4,111.72,121.49,136.31,154.75,175.68,198.29,171.81,155.09,141.88,133.24,130.08,132.79,141.04,153.94,170.43,189.58,210.67,206.76,188.98,173.86,162.12,154.54,151.76,154.02,161.12,172.46,187.27,204.8,224.41,241.92,223.43,207.03,193.26,182.7,175.95,173.44,175.35,181.55,191.62,204.99,221.06,239.29,258.23,240.93,225.75,213.12,203.53,197.42,195.11,196.74,202.22,211.24,223.38,238.15,255.11,273.84,275.31,259.1,244.98,233.33,224.54,216.79,218.19,223.07,231.21,242.28,255.9,271.7,289.31
132.34,140.62,108.02,111.35,121.15,136.01,86.414,90.63,102.5,119.76,140.45,70.416,85.216,105.41,128.47,43.207,51.313,70.319,93.818,119.18,21.604,35.183,59.62,86.12,113.24,27.799,1000,27.799,55.597,83.396,111.19,138.99,166.79,194.59,59.675,35.23,21.604,35.183,59.62,86.12,113.24,140.63,168.16,195.76,223.41,94.029,70.506,51.441,43.207,51.313,70.319,93.818,119.18,145.44,172.18,199.21,226.43,105.83,85.563,70.626,64.811,70.416,85.216,105.41,128.47,153.12,178.69,204.84,141.2,120.42,103.01,90.921,86.414,90.63,102.5,119.76,140.45,163.26,187.42,155.55,136.92,121.82,111.72,108.02,111.35,121.15,136.01,154.49,175.44,190.83,171.47,154.7,141.46,132.79,129.62,132.34,140.62,153.55,170.08,189.27,226.2,206.37,188.56,173.39,161.62,154.02,151.22,153.49,160.62,171.99,186.83,204.4,261.66,241.48,222.96,206.52,192.71,182.13,175.35,172.83,174.75,180.96,191.06,204.47,220.58,276.75,257.71,240.38,225.16,212.5,202.88,196.74,194.43,196.06,201.56,210.6,222.77,237.59,254.58,292.7,274.71,258.47,244.31,232.63,218.19,216.03,217.43,222.33,230.49,241.6,255.26,271.09
129.16,131.89,111.35,107.63,110.98,120.8,90.63,86.108,90.338,102.24,119.54,64.581,70.204,85.041,105.27,51.313,43.054,51.184,70.225,93.748,35.183,21.527,35.136,59.592,86.101,55.597,27.799,1000,27.799,55.597,83.396,111.19,138.99,166.79,86.158,59.647,35.183,21.527,35.136,59.592,86.101,113.23,140.62,168.15,195.75,119.35,93.959,70.412,51.313,43.054,51.184,70.225,93.748,119.13,145.39,172.14,199.18,128.82,105.69,85.39,70.416,64.581,70.204,85.041,105.27,128.36,153.02,178.61,163.91,141.01,120.2,102.75,90.63,86.108,90.338,102.24,119.54,140.26,163.1,176.38,155.29,136.61,121.49,111.35,107.63,110.98,120.8,135.7,154.22,211.79,190.52,171.12,154.32,141.04,132.34,129.16,131.89,140.19,153.16,169.73,247.25,225.85,205.98,188.13,172.93,161.12,153.49,150.69,152.97,160.11,171.52,186.4,282.75,261.26,241.05,222.49,206.01,192.17,181.55,174.75,172.21,174.14,180.38,190.51,203.95,296.73,276.27,257.19,239.83,224.57,211.87,202.22,196.06,193.74,195.38,200.89,209.97,222.17,237.02,311.61,292.14,274.12,257.83,243.64,223.07,217.43,215.26,216.67,221.58,229.77,240.91,254.61
131.89,128.7,121.15,110.98,107.25,110.61,102.5,90.338,85.8,90.044,101.98,70.204,64.35,69.992,84.866,70.319,51.184,42.9,51.055,70.13,59.62,35.136,21.45,35.089,59.564,83.396,55.597,27.799,1000,27.799,55.597,83.396,111.19,138.99,113.27,86.139,59.62,35.136,21.45,35.089,59.564,86.082,113.22,140.61,168.14,145.58,119.29,93.889,70.319,51.184,42.9,51.055,70.13,93.677,119.07,145.35,172.1,153.41,128.7,105.55,85.216,70.204,64.35,69.992,84.866,105.12,128.24,152.92,187.99,163.74,140.82,119.98,102.5,90.338,85.8,90.044,101.98,119.32,140.07,198.92,176.14,155.02,136.31,121.15,110.98,107.25,110.61,120.46,135.4,234.18,211.51,190.21,170.78,153.94,140.62,131.89,128.7,131.44,139.77,152.77,269.52,246.92,225.49,205.59,187.7,172.46,160.62,152.97,150.15,152.43,159.6,171.04,304.92,282.38,260.85,240.61,222.01,205.5,191.62,180.96,174.14,171.6,173.53,179.79,189.95,317.88,296.28,275.79,256.68,239.27,223.97,211.24,201.56,195.38,193.05,194.69,200.22,209.33,221.57,331.77,311.08,291.58,273.51,257.19,231.21,222.33,216.67,214.5,215.91,220.83,229.05,240.22
140.19,131.44,136.01,120.8,110.61,106.86,119.76,102.24,90.044,85.491,89.749,85.041,69.992,64.118,69.778,93.818,70.225,51.055,42.746,50.925,86.12,59.592,35.089,21.373,35.042,111.19,83.396,55.597,27.799,1000,27.799,55.597,83.396,111.19,140.66,113.26,86.12,59.592,35.089,21.373,35.042,59.536,86.062,113.2,140.6,172.3,145.53,119.24,93.818,70.225,51.055,42.746,50.925,70.035,93.606,119.02,145.3,178.94,153.31,128.59,105.41,85.041,69.992,64.118,69.778,84.689,104.98,128.12,212.97,187.85,163.58,140.64,119.76,102.24,90.044,85.491,89.749,101.72,119.1,222.65,198.71,175.91,154.75,136.01,120.8,110.61,106.86,110.23,120.12,257.63,233.93,211.23,189.89,170.43,153.55,140.19,131.44,128.24,130.99,139.34,292.74,269.22,246.6,225.13,205.19,187.27,171.99,160.11,152.43,149.61,151.9,159.09,327.95,304.58,282.01,260.45,240.17,221.54,204.99,191.06,180.38,173.53,170.98,172.92,179.2,339.99,317.46,295.83,275.31,256.16,238.71,223.38,210.6,200.89,194.69,192.35,194,199.55,208.68,352.96,331.27,310.55,291.01,272.91,242.28,230.49,221.58,215.91,213.72,215.14,220.08,228.32
153.16,139.77,154.49,135.7,120.46,110.23,140.45,119.54,101.98,89.749,85.18,105.27,84.866,69.778,63.885,119.18,93.748,70.13,50.925,42.59,113.24,86.101,59.564,35.042,21.295,138.99,111.19,83.396,55.597,27.799,1000,27.799,55.597,83.396,168.18,140.64,113.24,86.101,59.564,35.042,21.295,34.994,59.508,86.043,113.19,199.31,172.26,145.49,119.18,93.748,70.13,50.925,42.59,50.794,69.94,93.535,118.96,205.06,178.86,153.21,128.47,105.27,84.866,69.778,63.885,69.564,84.513,104.84,238.58,212.85,187.7,163.42,140.45,119.54,101.98,89.749,85.18,89.453,101.46,247.23,222.46,198.5,175.68,154.49,135.7,120.46,110.23,106.47,109.85,281.87,257.4,233.67,210.95,189.58,170.08,153.16,139.77,130.99,127.77,130.53,316.7,292.46,268.92,246.27,224.77,204.8,186.83,171.52,159.6,151.9,149.06,151.36,351.67,327.63,304.23,281.63,260.04,239.73,221.06,204.47,190.51,179.79,172.92,170.36,172.3,362.89,339.6,317.04,295.38,274.82,255.63,238.15,222.77,209.97,200.22,194,191.65,193.31,198.87,375.02,352.5,330.77,310.02,290.45,255.9,241.6,229.77,220.83,215.14,212.94,214.36,219.32
169.73,152.77,175.44,154.22,135.4,120.12,163.26,140.26,119.32,101.72,89.453,128.36,105.12,84.689,69.564,145.44,119.13,93.677,70.035,50.794,140.63,113.23,86.082,59.536,34.994,166.79,138.99,111.19,83.396,55.597,27.799,1000,27.799,55.597,195.77,168.17,140.63,113.23,86.082,59.536,34.994,21.217,34.947,59.48,86.024,226.52,199.28,172.22,145.44,119.13,93.677,70.035,50.794,42.434,50.663,69.845,93.464,231.57,204.99,178.77,153.12,128.36,105.12,84.689,69.564,63.651,69.348,84.335,264.64,238.47,212.73,187.56,163.26,140.26,119.32,101.72,89.453,84.867,89.155,272.43,247.06,222.28,198.29,175.44,154.22,135.4,120.12,109.85,106.08,306.71,281.66,257.17,233.42,210.67,189.27,169.73,152.77,139.34,130.53,127.3,341.24,316.44,292.19,268.62,245.94,224.41,204.4,186.4,171.04,159.09,151.36,148.52,375.95,351.37,327.31,303.89,281.26,259.64,239.29,220.58,203.95,189.95,179.2,172.3,169.73,386.42,362.52,339.21,316.62,294.93,274.33,255.11,237.59,222.17,209.33,199.55,193.31,190.95,192.61,397.8,374.58,352.03,330.27,309.49,271.7,255.26,240.91,229.05,220.08,214.36,212.16,213.59
188.95,169.38,198.08,175.2,153.95,135.09,187.42,163.1,140.07,119.1,101.46,153.02,128.24,104.98,84.513,172.18,145.39,119.07,93.606,69.94,168.16,140.62,113.22,86.062,59.508,194.59,166.79,138.99,111.19,83.396,55.597,27.799,1000,27.799,223.42,195.77,168.16,140.62,113.22,86.062,59.508,34.947,21.138,34.899,59.452,253.85,226.49,199.25,172.18,145.39,119.07,93.606,69.94,50.663,42.277,50.531,69.75,258.36,231.51,204.92,178.69,153.02,128.24,104.98,84.513,69.348,63.415,69.132,291.01,264.54,238.36,212.6,187.42,163.1,140.07,119.1,101.46,89.155,84.553,298.09,272.28,246.89,222.09,198.08,175.2,153.95,135.09,119.77,109.48,332.02,306.52,281.44,256.94,233.16,210.38,188.95,169.38,152.38,138.91,130.07,366.24,341,316.19,291.91,268.32,245.61,224.05,204,185.96,170.56,158.58,150.82,400.69,375.67,351.07,326.99,303.54,280.88,259.23,238.85,220.1,203.43,189.39,178.6,171.68,410.49,386.08,362.15,338.81,316.2,294.47,273.84,254.58,237.02,221.57,208.68,198.87,192.61,190.24,421.18,397.39,374.14,351.56,329.77,289.31,271.09,254.61,240.22,228.32,219.32,213.59,211.38
210.1,188.63,221.9,197.88,174.97,153.68,212.48,187.28,162.93,139.88,118.87,178.61,152.92,128.12,104.84,199.21,172.14,145.35,119.02,93.535,195.76,168.15,140.61,113.2,86.043,222.39,194.59,166.79,138.99,111.19,83.396,55.597,27.799,1000,251.1,223.41,195.76,168.15,140.61,113.2,86.043,59.48,34.899,21.059,34.851,281.28,253.83,226.46,199.21,172.14,145.35,119.02,93.535,69.845,50.531,42.119,50.399,285.33,258.3,231.45,204.84,178.61,152.92,128.12,104.84,84.335,69.132,63.178,317.63,290.92,264.44,238.25,212.48,187.28,162.93,139.88,118.87,101.19,88.855,324.1,297.95,272.12,246.73,221.9,197.88,174.97,153.68,134.78,119.42,357.7,331.84,306.32,281.23,256.7,232.91,210.1,188.63,169.02,151.99,138.48,391.62,366.02,340.76,315.93,291.63,268.02,245.28,223.69,203.6,185.53,170.09,158.07,425.8,400.42,375.39,350.77,326.66,303.19,280.5,258.82,238.4,219.62,202.91,188.83,178.01,435.01,410.17,385.73,361.78,338.42,315.77,294.01,273.35,254.05,236.45,220.96,208.04,198.2,191.91,445.07,420.79,396.97,373.7,351.09,308.42,288.73,270.48,253.95,239.53,227.59,218.56,212.8
172.93,187.7,141.46,154.32,170.78,189.89,121.82,136.61,155.02,175.91,198.5,120.2,140.82,163.58,187.7,85.563,105.69,128.7,153.31,178.86,70.506,93.959,119.29,145.53,172.26,35.276,59.675,86.158,113.27,140.66,168.18,195.77,223.42,251.1,1000,27.799,55.597,83.396,111.19,138.99,166.79,194.59,222.39,250.19,277.99,35.323,21.756,35.276,59.675,86.158,113.27,140.66,168.18,195.77,223.42,251.1,278.81,51.697,43.511,51.569,70.506,93.959,119.29,145.53,172.26,199.28,226.49,253.83,85.908,71.044,65.266,70.835,85.563,105.69,128.7,153.31,178.86,204.99,231.51,103.52,91.497,87.022,91.21,103.01,120.2,140.82,163.58,187.7,212.73,137.51,122.5,112.46,108.78,112.09,121.82,136.61,155.02,175.91,198.5,222.28,172.16,155.47,142.29,133.68,130.53,133.24,141.46,154.32,170.78,189.89,210.95,233.42,207.15,189.41,174.32,162.61,155.06,152.29,154.54,161.62,172.93,187.7,205.19,224.77,245.94,223.9,207.54,193.8,183.28,176.54,174.04,175.95,182.13,192.17,205.5,221.54,239.73,259.64,280.88,241.48,226.34,213.75,204.19,198.09,197.42,202.88,211.87,223.97,238.71,255.63,274.33,294.47
161.12,172.46,132.79,141.04,153.94,170.43,111.72,121.49,136.31,154.75,175.68,102.75,119.98,140.64,163.42,70.626,85.39,105.55,128.59,153.21,51.441,70.412,93.889,119.24,145.49,21.68,35.23,59.647,86.139,113.26,140.64,168.17,195.77,223.41,27.799,1000,27.799,55.597,83.396,111.19,138.99,166.79,194.59,222.39,250.19,59.702,35.276,21.68,35.23,59.647,86.139,113.26,140.64,168.17,195.77,223.41,251.1,70.599,51.569,43.36,51.441,70.412,93.889,119.24,145.49,172.22,199.25,226.46,105.97,85.736,70.835,65.039,70.626,85.39,105.55,128.59,153.21,178.77,204.92,120.64,103.27,91.21,86.719,90.921,102.75,119.98,140.64,163.42,187.56,155.81,137.21,122.16,112.09,108.4,111.72,121.49,136.31,154.75,175.68,198.29,191.14,171.81,155.09,141.88,133.24,130.08,132.79,141.04,153.94,170.43,189.58,210.67,226.56,206.76,188.98,173.86,162.12,154.54,151.76,154.02,161.12,172.46,187.27,204.8,224.41,241.92,223.43,207.03,193.26,182.7,175.95,173.44,175.35,181.55,191.62,204.99,221.06,239.29,259.23,258.23,240.93,225.75,213.12,203.53,195.11,196.74,202.22,211.24,223.38,238.15,255.11,273.84
153.49,160.62,129.62,132.34,140.62,153.55,108.02,111.35,121.15,136.01,154.49,90.63,102.5,119.76,140.45,64.811,70.416,85.216,105.41,128.47,43.207,51.313,70.319,93.818,119.18,35.23,21.604,35.183,59.62,86.12,113.24,140.63,168.16,195.76,55.597,27.799,1000,27.799,55.597,83.396,111.19,138.99,166.79,194.59,222.39,86.178,59.675,35.23,21.604,35.183,59.62,86.12,113.24,140.63,168.16,195.76,223.41,94.029,70.506,51.441,43.207,51.313,70.319,93.818,119.18,145.44,172.18,199.21,128.93,105.83,85.563,70.626,64.811,70.416,85.216,105.41,128.47,153.12,178.69,141.2,120.42,103.01,90.921,86.414,90.63,102.5,119.76,140.45,163.26,176.61,155.55,136.92,121.82,111.72,108.02,111.35,121.15,136.01,154.49,175.44,212.07,190.83,171.47,154.7,141.46,132.79,129.62,132.34,140.62,153.55,170.08,189.27,247.57,226.2,206.37,188.56,173.39,161.62,154.02,151.22,153.49,160.62,171.99,186.83,204.4,261.66,241.48,222.96,206.52,192.71,182.13,175.35,172.83,174.75,180.96,191.06,204.47,220.58,238.85,276.75,257.71,240.38,225.16,212.5,196.74,194.43,196.06,201.56,210.6,222.77,237.59,254.58
150.69,152.97,132.34,129.16,131.89,140.19,111.35,107.63,110.98,120.8,135.7,86.108,90.338,102.24,119.54,70.416,64.581,70.204,85.041,105.27,51.313,43.054,51.184,70.225,93.748,59.647,35.183,21.527,35.136,59.592,86.101,113.23,140.62,168.15,83.396,55.597,27.799,1000,27.799,55.597,83.396,111.19,138.99,166.79,194.59,113.29,86.158,59.647,35.183,21.527,35.136,59.592,86.101,113.23,140.62,168.15,195.75,119.35,93.959,70.412,51.313,43.054,51.184,70.225,93.748,119.13,145.39,172.14,153.5,128.82,105.69,85.39,70.416,64.581,70.204,85.041,105.27,128.36,153.02,163.91,141.01,120.2,102.75,90.63,86.108,90.338,102.24,119.54,140.26,199.12,176.38,155.29,136.61,121.49,111.35,107.63,110.98,120.8,135.7,154.22,234.43,211.79,190.52,171.12,154.32,141.04,132.34,129.16,131.89,140.19,153.16,169.73,269.82,247.25,225.85,205.98,188.13,172.93,161.12,153.49,150.69,152.97,160.11,171.52,186.4,282.75,261.26,241.05,222.49,206.01,192.17,181.55,174.75,172.21,174.14,180.38,190.51,203.95,220.1,296.73,276.27,257.19,239.83,224.57,202.22,196.06,193.74,195.38,200.89,209.97,222.17,237.02
